((("load-path" .
   [0 0 0 0 0 0 1 0 0])
  ("eide-start" .
   [0 0 0 0 0 1 0 0 0 0])
  ("html-mode" .
   [1 0 0 0 0 0 0 0 0])
  ("aggressive-indent" .
   [0 0 0 1 0 1 0 0 0 0 0 0 0 0 0 0 0])
  ("add-to-list" .
   [0 0 0 0 0 0 2 0 0 0 0])
  ("global-aggressive-indent-mode" .
   [0 0 0 0 0 0 0 0 0 0 1 0 0 0 0 0 0 0 0 0 0 0 0 0 0 0 0 0 0])
  ("tmux" .
   [1 0 0 0])
  ("true" .
   [0 0 1 0])
  ("to" .
   [1 0])
  ("posts" .
   [4 0 0 0 0])
  ("uid" .
   [1 0 0])
  ("find" .
   [1 0 0 0])
  ("Post" .
   [1 0 0 0])
  ("usr_id" .
   [1 0 0 0 0 0])
  ("params" .
   [0 0 0 0 0 1])
  ("var" .
   [1 0 0])
  ("id" .
   [2 0])
  ("next" .
   [1 0 0 0])
  ("post" .
   [1 0 0 0])
  ("router" .
   [1 0 0 0 0 0])
  ("log" .
   [2 0 0])
  ("kbd" .
   [1 0 0])
  ("global-map" .
   [1 0 0 0 0 0 0 0 0 0])
  ("define-key" .
   [1 0 0 0 0 0 0 0 0 0])
  ("append" .
   [0 0 0 1 0 0])
  ("dataset" .
   [1 0 0 0 0 0 0])
  ("text" .
   [1 0 0 1])
  ("font" .
   [1 0 0 0])
  ("selectAll" .
   [3 0 0 0 0 0 0 0 0])
  ("color" .
   [2 0 0 0 0])
  ("style" .
   [6 0 0 1 0])
  ("select" .
   [6 0 0 0 2 0])
  ("This" .
   [3 0 0 0])
  ("String" .
   [1 0 0 0 0 0])
  ("type" .
   [1 0 0 0])
  ("Listening" .
   [1 0 0 0 0 0 0 0 0])
  ("console" .
   [0 0 0 3 0 0 0])
  ("port" .
   [2 0 0 0])
  ("Listen" .
   [0 0 0 0 0 1])
  ("server" .
   [2 0 0 0 0 0])
  ("function" .
   [6 0 0 0 0 0 0 0])
  ("Multiply" .
   [0 0 0 2 0 0 0 0])
  ("carryout" .
   [3 0 0 0 0 0 0 0])
  ("carryin" .
   [1 0 0 1 1 2 1])
  ("temp_b" .
   [2 0 0 0 0 0])
  ("temp_a" .
   [0 0 0 0 3 0])
  ("Add" .
   [3 0 0])
  ("num_bits" .
   [1 0 0 1 0 0 1 0])
  ("ms" .
   [1 0])
  ("when" .
   [1 0 0 0])
  ("if" .
   [3 0])
  ("setq" .
   [3 0 0 0])
  ("equal" .
   [1 0 0 0 0])
  ("while" .
   [1 0 0 0 0])
  ("class" .
   [0 0 0 1 0])
  ("tmp" .
   [1 0 0])
  ("cnt" .
   [1 0 0])
  ("amt" .
   [10 0 0])
  ("ind" .
   [3 0 0])
  ("fin" .
   [4 0 0])
  ("names" .
   [5 0 0 0 0])
  ("name" .
   [25 0 1 0])
  ("make_pair" .
   [0 0 0 0 1 1 0 0 0])
  ("hash" .
   [0 0 0 3])
  ("unordered_map" .
   [0 0 0 0 1 1 0 0 0 0 0 0 0])
  ("seq" .
   [2 0 0])
  ("sol" .
   [3 0 0])
  ("col" .
   [6 0 0])
  ("e" .
   [1])
  ("mini" .
   [5 0 0 0])
  ("ncoins" .
   [0 0 2 0 0 0])
  ("coins" .
   [5 0 0 1 2])
  ("graph" .
   [3 0 0 0 0])
  ("printMST" .
   [1 0 0 0 0 0 0 0])
  ("minIndex" .
   [0 0 0 0 1 1 0 0])
  ("INT_MAX" .
   [1 0 0 0 0 1 0])
  ("minKey" .
   [0 0 0 1 0 0])
  ("key" .
   [8 0 0])
  ("parent" .
   [2 0 0 1 3 0])
  ("selected" .
   [1 0 1 3 1 1 0 0])
  ("prims" .
   [1 0 0 0 0])
  ("weight" .
   [2 0 1 5 2 0])
  ("sa" .
   [1 0])
  ("tfm" .
   [2 0 0])
  ("nfm" .
   [2 0 0])
  ("typedef" .
   [0 0 0 0 2 1 1])
  ("inv" .
   [3 0 0])
  ("who" .
   [4 0 0])
  ("strlen" .
   [6 0 0 0 0 0])
  ("test" .
   [3 0 0 0])
  ("cstring" .
   [1 0 0 0 0 0 0])
  ("s" .
   [5])
  ("unsigned" .
   [0 0 1 3 9 1 1 0])
  ("bitset" .
   [3 0 0 0 0 0])
  ("subs" .
   [2 0 0 0])
  ("flag" .
   [20 0 0 0])
  ("comp" .
   [6 0 0 0])
  ("FOR" .
   [2 0 0])
  ("vi" .
   [7 0])
  ("clear" .
   [8 0 0 0 0])
  ("optarg" .
   [1 0 0 0 0 0])
  ("uuid" .
   [3 0 0 0])
  ("strncpy" .
   [1 0 0 0 0 0 0])
  ("strcmp" .
   [1 0 0 0 0 0])
  ("devName" .
   [8 0 0 4 2 0 0])
  ("co" .
   [21 0])
  ("NULL" .
   [8 0 0 0])
  ("strtok" .
   [2 0 0 0 0 0])
  ("token" .
   [12 0 0 0 0])
  ("dest" .
   [3 0 0 0])
  ("d" .
   [6])
  ("conf" .
   [1 0 0 0])
  ("strcpy" .
   [11 0 0 0 0 0])
  ("command2" .
   [9 0 0 0 0 0 0 0])
  ("dest1" .
   [1 0 0 0 1])
  ("strcat" .
   [2 0 0 0 0 0])
  ("system" .
   [2 0 0 0 0 0])
  ("fmx" .
   [1 0 0])
  ("maxo" .
   [7 0 0 0])
  ("temp_max" .
   [4 0 0 0 0 0 0 0])
  ("memset" .
   [2 0 0 0 0 0])
  ("maxi" .
   [3 0 0 0])
  ("c" .
   [1])
  ("a" .
   [3])
  ("max4" .
   [8 0 0 0])
  ("max3" .
   [7 0 0 0])
  ("max2" .
   [13 0 0 0])
  ("max1" .
   [6 0 0 0])
  ("temp_rmax" .
   [1 0 0 0 0 0 0 2 1])
  ("temp_fmax" .
   [0 0 0 0 0 0 2 1 2])
  ("rmax" .
   [12 0 0 0])
  ("fmax" .
   [22 0 0 1])
  ("rev" .
   [4 0 0])
  ("norm" .
   [9 0 0 0])
  ("l" .
   [1])
  ("in" .
   [14 0])
  ("max_sum1" .
   [1 0 0 0 0 0 0 0])
  ("INT_MIN" .
   [4 0 6 4 0 0 0])
  ("INT8_MIN" .
   [0 0 0 3 0 0 0 0])
  ("min" .
   [21 0 0])
  ("neg" .
   [3 0 0])
  ("fi" .
   [1 0])
  ("max_sum" .
   [5 0 3 13 2 1 0])
  ("max" .
   [45 0 0])
  ("val" .
   [17 0 0])
  ("sum" .
   [51 0 0])
  ("scanf" .
   [6 0 0 0 0])
  ("stdc" .
   [2 0 0 0])
  ("bits" .
   [2 0 0 0])
  ("continue" .
   [0 0 0 5 5 6 4 1])
  ("dope" .
   [32 0 0 0])
  ("erase" .
   [0 0 0 1 0])
  ("min_ci2" .
   [7 0 0 0 0 0 0])
  ("min_ci1" .
   [15 0 0 0 0 0 0])
  ("back" .
   [3 0 1 0])
  ("min_index" .
   [1 0 0 0 0 0 9 1 0])
  ("list" .
   [2 0 0 0])
  ("t" .
   [34])
  ("it" .
   [12 0])
  ("ci" .
   [9 0])
  ("beginend" .
   [0 0 0 4 0 0 0 0])
  ("li" .
   [1 0])
  ("subsets" .
   [0 0 0 1 0 0 0])
  ("~/Git/Config/Bashrc" .
   [0 0 0 0 0 0 0 0 0 0 0 0 0 0 0 1 0 0 0])
  ("~/Git/Config" .
   [0 0 0 0 0 0 0 0 0 0 0 1])
  ("cp" .
   [1 0])
  ("spwd" .
   [0 0 1 0])
  ("output" .
   [9 0 0 0 1 0])
  ("cin" .
   [109 0 0])
  ("ll" .
   [14 0])
  ("num" .
   [24 0 0])
  ("for" .
   [0 0 2])
  ("str" .
   [15 0 0])
  ("vector" .
   [3 0 3 15 0 0])
  ("vec" .
   [7 0 0])
  ("printf" .
   [23 0 1 0 3 0])
  ("i" .
   [21])
  ("f" .
   [47])
  ("tie" .
   [8 0 0])
  ("st" .
   [16 0])
  ("string" .
   [23 0 0 0 0 0])
  ("substr" .
   [1 0 0 0 0 0])
  ("cout" .
   [214 0 1 2])
  ("map" .
   [7 0 0])
  ("lookup_table" .
   [1 0 0 4 0 0 0 0 0 0 0 0])
  ("temp" .
   [117 0 0 0])
  ("second" .
   [12 0 2 2 1 1])
  ("count" .
   [52 0 1 0 2])
  ("compare" .
   [2 0 0 0 0 0 0])
  ("endl" .
   [88 0 0 0])
  ("iostream" .
   [11 0 0 0 0 0 0 0])
  ("namespace" .
   [0 0 1 6 18 1 0 0 0])
  ("std" .
   [29 0 0])
  ("fstream" .
   [1 0 0 0 0 0 0])
  ("main" .
   [37 0 1 0])
  ("ios" .
   [9 0 0])
  ("sync_with_stdio" .
   [0 0 0 5 2 0 0 0 0 0 0 0 0 0 0])
  ("m" .
   [8])
  ("height" .
   [10 0 22 20 1 0])
  ("push_back" .
   [8 0 7 8 15 1 0 0 0])
  ("min_ci" .
   [0 0 2 25 2 2])
  ("size" .
   [11 0 1 1])
  ("n" .
   [7])
  ("host" .
   [1 0 0 0])
  ("bootLod" .
   [0 0 0 0 0 0 1])
  ("bin" .
   [18 0 0])
  ("toBinary" .
   [0 0 0 2 0 0 0 0])
  ("sizeof" .
   [0 0 0 1 0 0])
  ("len" .
   [2 0 0])
  ("dl" .
   [1 0])
  ("arr" .
   [7 0 0])
  ("prev" .
   [3 0 0 0])
  ("queue" .
   [1 0 0 0 0])
  ("perm" .
   [8 0 0 1])
  ("tab" .
   [15 0 0])
  ("odd" .
   [4 0 0])
  ("tob" .
   [4 0 0])
  ("oddChar" .
   [1 0 0 0 0 0 0])
  ("length" .
   [0 0 0 1 1 0])
  ("deep" .
   [5 0 0 0])
  ("dq" .
   [1 0])
  ("ele" .
   [1 0 0])
  ("high" .
   [5 0 1 0])
  ("low" .
   [3 0 0])
  ("mid" .
   [9 0 0])
  ("isOkay" .
   [1 0 0 0 0 0])
  ("toto" .
   [13 0 0 0])
  ("eval-after-load" .
   [0 0 0 0 0 0 0 0 1 0 0 0 0 0 0])
  ("auto-complete" .
   [0 0 0 0 0 0 0 0 1 0 0 0 0])
  ("global-auto-complete-mode" .
   [0 0 0 0 0 0 0 0 0 1 0 0 0 0 0 0 0 0 0 0 0 0 0 0 0])
  ("algorithm" .
   [0 0 0 0 1 0 0 0 1])
  ("start" .
   [5 0 0 0 0])
  ("stop" .
   [2 0 0 0])
  ("times" .
   [2 0 0 0 0])
  ("using" .
   [0 0 4 4 3])
  ("how_many" .
   [0 0 1 0 0 0 0 0])
  ("friends" .
   [2 0 4 2 0 1 0])
  ("fre" .
   [1 0 0])
  ("push" .
   [2 0 0 0])
  ("top" .
   [3 0 0])
  ("empty" .
   [2 0 0 0 0])
  ("stack" .
   [1 0 0 0 0])
  ("ans" .
   [6 0 0])
  ("return" .
   [1 0 1 0 2 1])
  ("tot" .
   [5 0 0])
  ("holes" .
   [2 0 0 0 0])
  ("math" .
   [3 0 0 0])
  ("cstdio" .
   [1 0 0 0 0 0])
  ("once" .
   [6 0 0 0])
  ("first" .
   [2 0 0 0 0])
  ("ma" .
   [2 0])
  ("p" .
   [1])
  ("set" .
   [6 0 0])
  ("insert" .
   [2 0 0 0 0 0])
  ("se" .
   [3 0])
  ("deque" .
   [2 0 0 0 0])
  ("deq" .
   [3 0 0])
  ("ceil" .
   [3 0 0 0])
  ("row" .
   [10 0 0])
  ("fib" .
   [1 0 0])
  ("lsh" .
   [1 0 1])
  ("print" .
   [3 0 0 0 0])
  ("node" .
   [5 0 0 0])
  ("data" .
   [2 0 0 0])
  ("NODE" .
   [4 0 0 0])
  ("create_node" .
   [1 0 0 0 0 0 0 0 0 0 0])
  ("value" .
   [3 0 0 0 0])
  ("left" .
   [1 0 0 0])
  ("root" .
   [1 0 0 0])
  ("User" .
   [2 0 0 0])
  ("findOne" .
   [0 0 0 0 1 0 0])
  ("req" .
   [3 0 0])
  ("body" .
   [1 0 0 0])
  ("username" .
   [1 0 0 0 1 0 0 0])
  ("err" .
   [5 0 0])
  ("res" .
   [5 0 0])
  ("json" .
   [4 0 0 0])
  ("success" .
   [0 0 0 2 2 1 0])
  ("false" .
   [4 0 0 0 0])
  ("msg" .
   [4 0 0])
  ("Username" .
   [1 0 0 0 0 0 0 0])
  ("already" .
   [2 0 0 0 0 0 0])
  ("else" .
   [3 0 0 0])
  ("usr" .
   [1 0 0])
  ("exists" .
   [1 0 0 0 0 0])
  ("require" .
   [1 0 0 0 2 0 0])
  ("xclip" .
   [0 0 1 1 0])
  ("xclip-mode" .
   [0 0 0 0 0 0 0 0 1 0])
  ("shell" .
   [1 0 0 0 0])
  ("lis" .
   [1 0 0])
  ("split" .
   [2 0 0 0 0])
  ("stdin" .
   [1 0 0 0 0])
  ("readline" .
   [0 0 0 0 2 1 0 0])
  ("range" .
   [0 0 0 0 1])
  ("easy-jekyll" .
   [0 0 0 1 1 0 0 0 0 0 0])
  ("easy-jekyll-basedir" .
   [0 0 0 0 0 0 0 0 0 0 0 0 0 0 0 1 0 0 0])
  ("easy-jekyll-url" .
   [0 0 0 0 0 0 0 0 0 0 0 0 0 1 0])))
